<?xml version="1.0" encoding="UTF-8"?>
<map version="1.2" tiledversion="1.2.4" orientation="orthogonal" renderorder="right-down" width="100" height="15" tilewidth="16" tileheight="16" infinite="0" nextlayerid="5" nextobjectid="1">
 <tileset firstgid="1" name="tileset" tilewidth="16" tileheight="16" tilecount="1204" columns="43">
  <image source="effects_UI_tiles/tileset.png" width="688" height="450"/>
 </tileset>
 <tileset firstgid="1205" name="tiles" tilewidth="16" tileheight="16" tilecount="1455" columns="97">
  <image source="effects_UI_tiles/tiles.png" width="1564" height="251"/>
 </tileset>
 <tileset firstgid="2660" name="tiles" tilewidth="16" tileheight="16" tilecount="1455" columns="97">
  <image source="effects_UI_tiles/tiles.png" width="1564" height="251"/>
 </tileset>
 <tileset firstgid="4115" name="tileset" tilewidth="16" tileheight="16" tilecount="1204" columns="43">
  <image source="effects_UI_tiles/tileset.png" width="688" height="450"/>
 </tileset>
 <layer id="1" name="圖塊層 1" width="100" height="15">
  <data encoding="csv">
0,0,0,0,0,0,0,0,0,0,0,0,0,0,0,0,0,0,0,0,0,0,0,0,0,0,0,0,0,0,0,0,0,0,0,0,0,0,0,0,0,0,0,0,0,0,0,0,0,0,0,0,0,0,0,0,0,0,0,0,0,0,0,0,0,0,0,0,0,0,0,0,0,0,0,0,0,0,0,0,0,0,0,0,0,0,0,0,0,0,0,0,0,0,0,0,0,0,0,0,
0,0,0,0,0,0,0,0,0,0,0,0,0,0,0,0,0,0,0,0,0,0,0,0,0,0,0,0,0,0,0,0,0,0,0,0,0,0,0,0,0,0,0,0,0,0,0,0,0,0,0,0,0,0,0,0,0,0,0,0,0,0,0,0,0,0,0,0,0,0,0,0,0,0,0,0,0,0,0,0,0,0,0,0,0,0,0,0,0,0,0,0,0,0,0,0,0,0,0,0,
0,0,0,0,0,0,0,0,0,0,0,0,0,0,0,0,0,0,0,0,0,0,0,0,0,0,0,0,0,0,0,0,0,0,0,0,0,0,0,0,0,0,0,0,0,0,0,0,0,0,0,0,0,0,0,0,0,0,0,0,0,0,0,0,0,0,0,0,0,0,0,0,0,0,0,0,0,0,0,0,0,0,0,0,0,548,549,549,550,0,0,0,0,0,0,0,0,0,0,0,
0,0,0,0,0,0,0,0,0,0,0,0,0,0,0,0,0,0,0,0,0,0,0,0,0,0,0,0,0,0,0,0,0,0,630,631,631,673,0,0,0,0,0,0,0,0,0,0,0,0,0,0,0,0,0,0,0,0,0,0,0,0,0,0,0,0,0,0,0,0,0,0,0,0,0,0,0,0,548,549,549,550,0,0,0,591,592,592,593,0,0,0,0,0,0,0,0,0,0,0,
0,0,0,0,0,0,0,0,0,0,0,0,0,0,0,0,0,0,0,0,0,0,0,0,0,0,0,0,0,0,0,0,0,0,0,0,0,0,0,0,0,0,0,0,0,0,0,0,0,0,0,0,0,0,0,0,0,630,631,673,0,0,0,0,0,275,276,277,0,0,0,0,0,0,0,0,0,0,591,592,592,593,0,0,0,0,0,0,0,0,0,0,0,0,0,0,0,0,0,0,
0,0,0,0,0,0,0,0,0,0,0,0,0,0,0,0,0,0,0,0,0,0,0,0,0,0,0,0,0,0,0,0,0,0,0,0,0,0,0,0,0,0,0,0,0,0,0,0,0,0,0,0,0,0,0,0,0,0,0,0,0,0,0,35,36,318,319,320,0,0,0,0,0,0,0,0,0,0,0,0,0,0,0,0,0,0,0,0,0,0,0,0,0,0,0,0,0,0,0,0,
0,0,0,0,0,0,0,0,0,0,0,0,0,0,0,0,0,0,0,0,0,0,0,0,0,0,0,0,0,0,0,0,0,0,0,0,0,0,0,0,0,0,0,0,0,0,0,0,0,0,0,0,0,0,0,0,0,0,0,0,0,0,0,78,79,318,319,320,0,0,0,0,0,0,0,0,0,0,0,0,0,0,0,0,0,0,548,549,549,550,0,0,0,0,0,0,0,0,0,0,
0,0,0,0,0,0,0,0,0,0,0,0,0,0,0,0,0,0,0,0,0,0,0,0,0,0,0,0,0,0,275,276,277,0,0,0,0,0,0,0,0,0,0,0,0,0,0,0,0,0,0,0,0,0,0,0,0,0,0,630,631,673,0,0,0,318,319,320,0,0,0,0,0,0,0,0,0,0,0,0,0,0,0,548,549,549,591,592,592,593,0,0,0,0,0,0,0,0,0,0,
0,0,0,0,0,0,0,0,0,0,0,0,0,0,0,0,0,0,0,0,0,0,0,0,0,0,0,0,0,0,318,319,320,0,0,0,0,0,0,0,0,0,0,0,0,0,0,0,0,0,0,0,0,0,0,0,0,0,0,0,0,0,0,35,36,318,319,320,0,0,0,0,0,0,0,0,0,0,0,0,0,0,0,591,592,592,593,0,0,0,0,0,0,0,0,0,0,0,0,0,
0,0,0,0,0,0,0,0,0,0,0,630,631,673,0,0,0,0,0,0,0,0,0,0,0,0,0,0,0,0,318,319,320,0,0,0,0,0,0,0,0,0,0,0,0,0,0,0,0,0,0,33,34,0,0,0,0,0,0,0,0,0,0,78,79,318,319,320,0,0,0,0,0,0,0,0,0,0,0,0,0,0,0,0,0,0,0,0,0,0,0,0,0,0,0,0,0,0,0,0,
0,0,0,0,0,0,0,0,0,0,0,0,0,0,0,0,0,0,0,0,0,0,0,0,0,0,0,0,275,276,318,319,320,0,0,0,0,0,0,0,0,0,0,0,0,0,0,0,33,34,0,76,77,0,0,630,631,673,0,0,0,0,0,0,0,318,319,320,0,0,0,0,0,0,0,0,0,0,0,33,34,0,0,0,0,0,0,0,0,0,0,0,0,0,0,0,0,0,0,0,
0,0,0,0,0,0,0,0,0,0,0,0,0,0,0,0,0,0,0,0,0,0,0,0,0,0,0,0,318,319,318,319,320,0,0,0,0,0,0,0,0,0,0,0,0,33,34,0,76,77,0,76,77,0,0,0,0,0,0,0,0,0,0,0,0,318,319,320,0,0,0,0,0,0,0,0,0,0,0,76,77,0,0,0,0,0,0,0,0,0,0,0,0,0,0,0,0,0,0,0,
0,0,0,0,0,0,0,0,0,0,0,0,0,0,0,0,0,0,0,0,0,0,0,0,0,0,0,0,318,319,318,319,320,0,0,0,0,0,0,0,0,0,0,0,0,76,77,0,76,77,0,76,77,0,0,0,0,0,0,0,0,0,0,0,0,318,319,320,0,0,0,0,0,0,0,0,624,625,625,625,625,625,625,625,625,625,625,625,625,625,625,625,625,625,625,625,625,625,625,626,
624,625,625,625,625,625,625,625,625,625,625,625,625,625,625,625,625,626,0,0,0,624,625,625,625,625,625,625,625,625,625,625,625,625,625,625,626,0,0,0,0,0,624,625,625,625,625,625,625,625,625,625,625,625,625,626,0,0,0,0,0,0,0,0,624,625,625,625,625,625,625,625,625,625,625,625,667,668,668,668,668,668,668,668,668,668,668,668,668,668,668,668,668,668,668,668,668,668,668,669,
667,668,668,668,668,668,668,668,668,668,668,668,668,668,668,668,668,669,0,0,0,667,668,668,668,668,668,668,668,668,668,668,668,668,668,668,668,0,0,0,0,0,667,668,668,668,668,668,668,668,668,668,668,668,668,669,0,0,0,0,0,0,0,0,667,668,668,668,668,668,668,668,668,668,668,668,667,668,668,668,668,668,668,668,668,668,668,668,668,668,668,668,668,668,668,668,668,668,668,669
</data>
 </layer>
</map>
